1     5U 58002B   16129.46028628 -.00000048 +00000-0 -34779-4 0  9993
2     5 034.2428 171.4840 1847112 078.8432 301.3229 10.84744783042249
1 00011U 59001A   16130.52886255  .00000126  00000-0  73139-4 0  9995
2 00013  32.8670 285.1486 1468583  66.4184 308.3590 11.85252486438676
1 00012U 59001B   .6130120549984 -.00000010  00000-0 -32107-5 0  9991
2 00012  32.8973 198.8984 1668058 109.9514 268.7971 11.43982878350680
1 00016U 58002A   16129.45478845  .00000063  00000-0  109393- 0  9990
2 00016  34.2587 168.5262 2026654  29.1483 340.8398 10.48674048301247
1 00196U 61018D   16129.17774188  .00000027  00000-0  92991-2 0  9995
2 00196  91.1926  39.0419 0115833  19.6127 340.9150  8.89676578780707
1 00202U 61031A   16130.16192858  .00000026  00000-0  23315-5 0  9993
2 00202  32.4373 123.7784 0101386 266.3492  92.5530 13.63486192716989
1 00204U 61031C   16130.17881291  .00000061  00000-0  45686-4 0  9995
2 00204  32.4420 220.1538 0099121 303.8955  55.2272 13.64834253718850
1 00205U 61031B   16130.48041235  .00000040  00000-0  23851-4 0  9993
2 00205  32.4401 241.4551 0101874  83.8156 277.4060 13.62381405715942
1 00210U 61015BE  16130.29888058  .00000249  00000-0  28535-3 0  9996
2 00210  66.4581  78.0720 0037778 107.5115 253.0092 13.85449252754089
1   223U 61015BK  16129.78530793 -.00000049 +00000-0 +21297-4 0  9990
2   223 066.8904 269.8837 0061751 075.2030 285.5878 13.88571723778305
1 00224U 61015BL  16129.42632068  .00000392  00000-0  27659-3 0  9997
2 00224  66.7357 104.8482 0059024 120.2343  42.4954 14.07376357792904
1 00225U 61015BM  16130.51780155  .00000165  00000-0  90083-4 0  9991
2 00225  66.8006 187.3492 0101625  98.6291 262.6338 14.30766113829451
1   226U 62002A   16129.89674628 -.00000111 +00000-0 +16783-4 0  9992
2   226 048.2951 128.1210 0078250 188.1209 171.8428 14.45537340834346
1   227U 62002B   16129.56165317 -.00000023 +00000-0 +44867-4 0  9993
2   227 048.1483 326.4864 0132107 006.9410 353.3275 14.38031063812826
1 00228U 62002C   16129.53750417  .00001180  00000-0  11453-3 0  9990
2 00228  48.4299 316.7101 0015245 112.1030 248.1514 14.99845866909917
1 00230U 61015BN  16129.46662606 -.00000022  00000-0  38664-4 0  9999
2 00230  66.8819 114.8979 0099511 311.1169  48.1353 13.95991515790874
1 00232U 61015BQ  16129.89133976  .00000083  00000-0  10943-3 0  9996
2 00232  66.8219 351.1281 0061894 219.9150 139.7374 13.99018072790939
1   233U 61015BR  16129.92884610 +.00001499 +00000-0 +33683-3 0  9997
2   233 066.8522 303.6858 0027269 175.1554 184.9830 14.59120717837071